5.5032841073189609e-139
0 1 2 3 4 4 4 4 4 4 4 4 4 4 4 4 4 4 4 4 4 4 4 4 4 4 4 4 4 4 4 4 4 4 4 4 4 4 4 4 4 4 4 4 4 4 4 4 4 4 4 4 4 4 4 4 4 4 4 4 4 4 4 4 4 4 4 4 4 4 4 4 4 4 4 4 4 4 4 4 4 4 4 4 4 4 4 4 4 4 4 4 4 4 4 4 4 4 4 4 4 4 4 4 4 4 4 4 4 4 4 4 4 4 4 4 4 4 4 4 4 4 4 4 4 4 4 4 4 4 4 4 4 4 4 4 4 4 4 4 4 4 4 4 4 4 4 4 4 4 
1 0 0 0 0 

A matrix:
0.79999999999999938 0.19999999999999984 0 0 0 
0 0.80000000000000004 0.20000000000000001 0 0 
0 0 0.79999999999999982 0.19999999999999996 0 
0 0 0 0.80000000000000027 0.20000000000000007 
0 0 0 0 1 

B matrix:
9.9999999999999996e-081 9.9999999999999996e-081 0.49645816457564046 9.9999999999999996e-081 7.4828883831342607e-007 0.18188852466055364 2.8427058429935807e-005 0.32162413541653762 
9.9999999999999996e-081 9.9999999999999996e-081 0.46642111425091942 9.9999999999999996e-081 1.0476043736389391e-005 0.35592485208452379 0.00035348843560006362 0.1772900691852205 
9.9999999999999996e-081 9.9999999999999996e-081 0.38891188600907994 9.9999999999999996e-081 7.2022800687857416e-005 0.32691857981135747 0.0021757189560842783 0.28192179242279047 
9.9999999999999996e-081 9.9999999999999996e-081 0.32702834393195729 9.9999999999999996e-081 0.00032410260310530132 0.19713364645404843 0.0088522986566973993 0.46666160835419118 
9.9999999999999996e-081 9.9999999999999996e-081 0.13647986400152967 9.9999999999999996e-081 0.0077361492350140988 0.059617612286621983 0.37165077778604921 0.42451559669078481 

1.739634339671524e-079
0 0 0 0 0 0 1 1 1 1 1 1 1 1 1 1 2 3 3 3 3 3 3 3 3 4 4 4 4 4 4 4 4 4 4 4 4 4 4 4 4 4 4 4 4 4 4 4 4 4 4 4 4 4 4 4 4 4 4 4 4 4 4 4 4 4 4 4 4 4 4 4 4 4 4 4 4 4 4 4 4 4 4 4 4 4 4 4 4 4 4 4 4 4 4 4 4 4 4 4 4 4 4 4 4 4 4 4 4 4 4 4 4 4 4 4 4 4 4 4 4 4 4 4 4 4 4 4 4 4 4 4 4 4 4 4 4 4 4 4 4 4 4 4 4 4 4 4 4 4 
1 0 0 0 0 

A matrix:
0.7857875089251245 0.21421249107487592 0 0 0 
0 0.86849080805024614 0.13150919194975405 0 0 
0 0 0.81109765552349089 0.18890234447650892 0 
0 0 0 0.90407744780551658 0.095922552194483077 
0 0 0 0 1 

B matrix:
9.9999999999999996e-081 9.9999999999999996e-081 0.560835351170759 9.9999999999999996e-081 5.9227755029568372e-055 0.073935372294825885 9.7018659707195176e-016 0.36522927653441434 
9.9999999999999996e-081 9.9999999999999996e-081 0.44912039438702334 9.9999999999999996e-081 6.7992543264987831e-041 0.50138252190367649 5.0531028846266492e-013 0.049497083708794971 
9.9999999999999996e-081 9.9999999999999996e-081 0.49735204312946601 9.9999999999999996e-081 4.5718940990146125e-030 0.28234994133645447 1.6116143949055951e-010 0.22029801537291771 
9.9999999999999996e-081 9.9999999999999996e-081 0.18586640881317626 9.9999999999999996e-081 7.433529242282176e-018 0.033013958905650377 0.00014067207903262352 0.78097896020214064 
9.9999999999999996e-081 9.9999999999999996e-081 0.12723217279990423 9.9999999999999996e-081 0.0082638557021476825 0.057875595903044363 0.39665295460893224 0.40997542098597145 

9.6827376154247365e-073
0 0 0 0 0 0 1 1 1 1 1 2 2 2 2 2 2 3 3 3 3 3 3 3 3 3 3 3 3 3 3 3 3 3 3 3 3 3 3 3 3 3 3 3 3 4 4 4 4 4 4 4 4 4 4 4 4 4 4 4 4 4 4 4 4 4 4 4 4 4 4 4 4 4 4 4 4 4 4 4 4 4 4 4 4 4 4 4 4 4 4 4 4 4 4 4 4 4 4 4 4 4 4 4 4 4 4 4 4 4 4 4 4 4 4 4 4 4 4 4 4 4 4 4 4 4 4 4 4 4 4 4 4 4 4 4 4 4 4 4 4 4 4 4 4 4 4 4 4 4 
1 0 0 0 0 

A matrix:
0.79447240813122944 0.20552759176707852 0 0 0 
0 0.87515106579583413 0.12484892410798056 0 0 
0 0 0.77716388383914614 0.22283612811356618 0 
0 0 0 0.96191112775684529 0.03807004152224517 
0 0 0 0 1.0000046916264047 

B matrix:
9.9999999999999996e-081 9.9999999999999996e-081 0.59882525009934096 9.9999999999999996e-081 1.3790795010167192e-196 0.011350297974536617 6.7597003399474907e-034 0.38982445192612225 
9.9999999999999996e-081 9.9999999999999996e-081 0.40004966675960663 9.9999999999999996e-081 8.2438107765146133e-155 0.58656592514785744 3.3750848683167759e-029 0.013384408092535938 
9.9999999999999996e-081 9.9999999999999996e-081 0.64050390143688851 9.9999999999999996e-081 2.4001690469521953e-121 0.2545664121857466 1.369584457984671e-025 0.10492968637736569 
9.9999999999999996e-081 9.9999999999999996e-081 0.076474333341549572 9.9999999999999996e-081 1.9955690321750775e-046 0.003973364265664487 9.3145484639683667e-006 0.91954298784432187 
9.9999999999999996e-081 9.9999999999999996e-081 0.14233836728801458 9.9999999999999996e-081 0.009489214169691779 0.066423155525845393 0.45547995957918147 0.32626930343726673 

1.2480117622757641e-069
0 0 0 0 0 0 1 1 1 1 1 2 2 2 2 2 2 3 3 3 3 3 3 3 3 3 3 3 3 3 3 3 3 3 3 3 3 3 3 3 3 3 3 3 3 4 4 4 4 4 4 4 4 4 4 4 4 4 4 4 4 4 4 4 4 4 4 4 4 4 4 4 4 4 4 4 4 4 4 4 4 4 4 4 4 4 4 4 4 4 4 4 4 4 4 4 4 4 4 4 4 4 4 4 4 4 4 4 4 4 4 4 4 4 4 4 4 4 4 4 4 4 4 4 4 4 4 4 4 4 4 4 4 4 4 4 4 4 4 4 4 4 4 4 4 4 4 4 4 4 
1 0 0 0 0 

A matrix:
0.80585675323911643 0.19414326660711104 0 0 0 
0 0.85508705855366574 0.14491202361607805 0 0 
0 0 0.80242376806047477 0.19757747176271545 0 
0 0 0 0.96337387994664569 0.036621688881200438 
0 0 0 0 1.0000011563908358 

B matrix:
9.9999999999999996e-081 9.9999999999999996e-081 0.61423012991451631 9.9999999999999996e-081 9.9999999999999996e-081 0.0014944665745928883 2.6245715495013457e-059 0.38427540351089085 
9.9999999999999996e-081 9.9999999999999996e-081 0.31158034433859838 9.9999999999999996e-081 9.9999999999999996e-081 0.68547173024983321 4.0333905674110528e-052 0.0029479254115682731 
9.9999999999999996e-081 9.9999999999999996e-081 0.7288803994711609 9.9999999999999996e-081 9.9999999999999996e-081 0.24567401461855506 1.376034376763526e-049 0.025445585910284205 
9.9999999999999996e-081 9.9999999999999996e-081 0.073142122118349168 9.9999999999999996e-081 2.0010724248105713e-087 0.00068270736594043405 4.8286145306513038e-007 0.92617468765425737 
9.9999999999999996e-081 9.9999999999999996e-081 0.14342504873091749 9.9999999999999996e-081 0.009561669911877714 0.066931681759971884 0.45896002971358857 0.32112156988364426 

6.643564366203069e-069
0 0 0 0 0 0 1 1 1 1 1 2 2 2 2 2 2 3 3 3 3 3 3 3 3 3 3 3 3 3 3 3 3 3 3 3 3 3 3 3 3 3 3 3 3 4 4 4 4 4 4 4 4 4 4 4 4 4 4 4 4 4 4 4 4 4 4 4 4 4 4 4 4 4 4 4 4 4 4 4 4 4 4 4 4 4 4 4 4 4 4 4 4 4 4 4 4 4 4 4 4 4 4 4 4 4 4 4 4 4 4 4 4 4 4 4 4 4 4 4 4 4 4 4 4 4 4 4 4 4 4 4 4 4 4 4 4 4 4 4 4 4 4 4 4 4 4 4 4 4 
1 0 0 0 0 

A matrix:
0.81416324713243171 0.18585513780142154 0 0 0 
0 0.83093694247498129 0.16875612706079349 0 0 
0 0 0.82558607635428527 0.17470298654529487 0 
0 0 0 0.9635296013454564 0.036465763416570936 
0 0 0 0 1.0000018106297432 

B matrix:
9.9999999999999996e-081 9.9999999999999996e-081 0.62858777057438753 9.9999999999999996e-081 9.9999999999999996e-081 0.00020756322169430678 3.7592767517093861e-091 0.37120466620391801 
9.9999999999999996e-081 9.9999999999999996e-081 0.20852723246190119 9.9999999999999996e-081 9.9999999999999996e-081 0.79106885322204179 3.5247854872529919e-081 0.00040391431605680883 
9.9999999999999996e-081 9.9999999999999996e-081 0.76587004448450047 9.9999999999999996e-081 9.9999999999999996e-081 0.22986166379550546 1.3485208797775831e-080 0.0042682917199943727 
9.9999999999999996e-081 9.9999999999999996e-081 0.072960240827229156 9.9999999999999996e-081 4.9787052313692102e-141 0.00013271913250321383 2.3938079974951043e-008 0.92690701610218762 
9.9999999999999996e-081 9.9999999999999996e-081 0.14345561254995046 9.9999999999999996e-081 0.0095637075011796302 0.066945952445990109 0.45905795377968106 0.32097677372319877 

1.807256450124612e-068
0 0 0 0 0 0 1 1 1 1 1 2 2 2 2 2 2 3 3 3 3 3 3 3 3 3 3 3 3 3 3 3 3 3 3 3 3 3 3 3 3 3 3 3 3 4 4 4 4 4 4 4 4 4 4 4 4 4 4 4 4 4 4 4 4 4 4 4 4 4 4 4 4 4 4 4 4 4 4 4 4 4 4 4 4 4 4 4 4 4 4 4 4 4 4 4 4 4 4 4 4 4 4 4 4 4 4 4 4 4 4 4 4 4 4 4 4 4 4 4 4 4 4 4 4 4 4 4 4 4 4 4 4 4 4 4 4 4 4 4 4 4 4 4 4 4 4 4 4 4 
1 0 0 0 0 

A matrix:
0.82168087668907452 0.17837271772465824 0 0 0 
0 0.81366097361258705 0.18606903207037231 0 0 
0 0 0.83427154398318792 0.16591759613383789 0 
0 0 0 0.96355177581176521 0.036446310877448568 
0 0 0 0 1.0000005868620567 

B matrix:
9.9999999999999996e-081 9.9999999999999996e-081 0.64335607368504399 9.9999999999999996e-081 9.9999999999999996e-081 3.1413172926520202e-005 2.1661416269717665e-129 0.35661251314202946 
9.9999999999999996e-081 9.9999999999999996e-081 0.12714863016422423 9.9999999999999996e-081 9.9999999999999996e-081 0.87282679316514666 2.3868937304375284e-116 2.45766706292534e-005 
9.9999999999999996e-081 9.9999999999999996e-081 0.78138746271784321 9.9999999999999996e-081 9.9999999999999996e-081 0.21794894579075694 1.2055736660613453e-118 0.00066359149139988741 
9.9999999999999996e-081 9.9999999999999996e-081 0.072900840935562636 9.9999999999999996e-081 3.3162010046611799e-207 2.7363518631927296e-005 1.1760133052977123e-009 0.92707179436979226 
9.9999999999999996e-081 9.9999999999999996e-081 0.14345702436737851 9.9999999999999996e-081 0.0095638016225016945 0.066946611356925409 0.45906247757150509 0.32097008508168939 

3.2074988045027312e-068
0 0 0 0 0 0 1 1 1 1 1 2 2 2 2 2 2 3 3 3 3 3 3 3 3 3 3 3 3 3 3 3 3 3 3 3 3 3 3 3 3 3 3 3 3 4 4 4 4 4 4 4 4 4 4 4 4 4 4 4 4 4 4 4 4 4 4 4 4 4 4 4 4 4 4 4 4 4 4 4 4 4 4 4 4 4 4 4 4 4 4 4 4 4 4 4 4 4 4 4 4 4 4 4 4 4 4 4 4 4 4 4 4 4 4 4 4 4 4 4 4 4 4 4 4 4 4 4 4 4 4 4 4 4 4 4 4 4 4 4 4 4 4 4 4 4 4 4 4 4 
1 0 0 0 0 

A matrix:
0.82695000515301986 0.17310189498991244 0 0 0 
0 0.80269703238834189 0.19716345707486477 0 0 
0 0 0.83751461289293316 0.1625518029976934 0 
0 0 0 0.96355515052351814 0.036444323359580671 
0 0 0 0 1.0000001266092853 

B matrix:
9.9999999999999996e-081 9.9999999999999996e-081 0.65389556247845693 9.9999999999999996e-081 9.9999999999999996e-081 5.083351518286265e-006 8.9515252747166597e-174 0.34609935417002496 
9.9999999999999996e-081 9.9999999999999996e-081 0.072551296551839062 9.9999999999999996e-081 9.9999999999999996e-081 0.92744814554621657 2.2046932443156063e-157 5.5790194443062948e-007 
9.9999999999999996e-081 9.9999999999999996e-081 0.78894433637148798 9.9999999999999996e-081 9.9999999999999996e-081 0.21095449415612208 8.5234596422955263e-164 0.00010116947238981389 
9.9999999999999996e-081 9.9999999999999996e-081 0.072890440106475635 9.9999999999999996e-081 6.5684477557657106e-286 5.9047080524217423e-006 5.766668626725337e-011 0.92710365512780524 
9.9999999999999996e-081 9.9999999999999996e-081 0.14345718891256398 9.9999999999999996e-081 0.0095638125922111895 0.066946688145476399 0.45906300441100423 0.32096930593874418 

4.4582818991103467e-068
0 0 0 0 0 0 1 1 1 1 1 2 2 2 2 2 2 3 3 3 3 3 3 3 3 3 3 3 3 3 3 3 3 3 3 3 3 3 3 3 3 3 3 3 3 4 4 4 4 4 4 4 4 4 4 4 4 4 4 4 4 4 4 4 4 4 4 4 4 4 4 4 4 4 4 4 4 4 4 4 4 4 4 4 4 4 4 4 4 4 4 4 4 4 4 4 4 4 4 4 4 4 4 4 4 4 4 4 4 4 4 4 4 4 4 4 4 4 4 4 4 4 4 4 4 4 4 4 4 4 4 4 4 4 4 4 4 4 4 4 4 4 4 4 4 4 4 4 4 4 
1 0 0 0 0 

A matrix:
0.8300099587757882 0.1700219984939739 0 0 0 
0 0.79612501351836806 0.20381401717193171 0 0 
0 0 0.83902533698584392 0.16099266353373889 0 
0 0 0 0.96355570185827522 0.036444195850444394 
0 0 0 0 1.0000000201876769 

B matrix:
9.9999999999999996e-081 9.9999999999999996e-081 0.66001907475350019 9.9999999999999996e-081 9.9999999999999996e-081 8.5598696824920979e-007 4.9901889819712521e-224 0.33998006925953139 
9.9999999999999996e-081 9.9999999999999996e-081 0.039273799714592404 9.9999999999999996e-081 9.9999999999999996e-081 0.96072619594718733 5.1907536634198015e-204 4.3382205298132375e-009 
9.9999999999999996e-081 9.9999999999999996e-081 0.79282863607690046 9.9999999999999996e-081 9.9999999999999996e-081 0.20715606697894506 3.4029270422143798e-216 1.5296944154317754e-005 
9.9999999999999996e-081 9.9999999999999996e-081 0.072888735393645127 9.9999999999999996e-081 9.9999999999999996e-081 1.3115630112995039e-006 2.8265960522187503e-012 0.92710995304051702 
9.9999999999999996e-081 9.9999999999999996e-081 0.14345721402648634 9.9999999999999996e-081 0.0095638142664800641 0.066946699865364445 0.45906308479030128 0.32096918705136784 

5.3619523762724751e-068
0 0 0 0 0 0 1 1 1 1 1 2 2 2 2 2 2 3 3 3 3 3 3 3 3 3 3 3 3 3 3 3 3 3 3 3 3 3 3 3 3 3 3 3 3 4 4 4 4 4 4 4 4 4 4 4 4 4 4 4 4 4 4 4 4 4 4 4 4 4 4 4 4 4 4 4 4 4 4 4 4 4 4 4 4 4 4 4 4 4 4 4 4 4 4 4 4 4 4 4 4 4 4 4 4 4 4 4 4 4 4 4 4 4 4 4 4 4 4 4 4 4 4 4 4 4 4 4 4 4 4 4 4 4 4 4 4 4 4 4 4 4 4 4 4 4 4 4 4 4 
1 0 0 0 0 

A matrix:
0.83164572561640715 0.16836954892183506 0 0 0 
0 0.79243004148822216 0.20754706154276331 0 0 
0 0 0.83979961512840207 0.1602035588393293 0 
0 0 0 0.96355578907313066 0.036444195062601541 
0 0 0 0 1.0000000020496951 

B matrix:
9.9999999999999996e-081 9.9999999999999996e-081 0.66329130464535102 9.9999999999999996e-081 9.9999999999999996e-081 1.4724949726082109e-007 6.0756026177559123e-280 0.33670854810515161 
9.9999999999999996e-081 9.9999999999999996e-081 0.020483281594047189 9.9999999999999996e-081 9.9999999999999996e-081 0.97951671839455157 4.9752170870457411e-256 1.1401157866753388e-011 
9.9999999999999996e-081 9.9999999999999996e-081 0.79484244891525346 9.9999999999999996e-081 9.9999999999999996e-081 0.20515524736174451 4.2230439862441778e-276 2.3037230021634018e-006 
9.9999999999999996e-081 9.9999999999999996e-081 0.072888450115099895 9.9999999999999996e-081 2.4293292002607345e-184 2.9607358296455686e-007 1.3853648492301031e-013 0.92711125381117843 
9.9999999999999996e-081 9.9999999999999996e-081 0.1434572193825262 9.9999999999999996e-081 0.0095638146235514001 0.066946702364863886 0.45906310193043087 0.32096916169862766 

5.9236160451223938e-068
0 0 0 0 0 0 1 1 1 1 1 2 2 2 2 2 2 3 3 3 3 3 3 3 3 3 3 3 3 3 3 3 3 3 3 3 3 3 3 3 3 3 3 3 3 4 4 4 4 4 4 4 4 4 4 4 4 4 4 4 4 4 4 4 4 4 4 4 4 4 4 4 4 4 4 4 4 4 4 4 4 4 4 4 4 4 4 4 4 4 4 4 4 4 4 4 4 4 4 4 4 4 4 4 4 4 4 4 4 4 4 4 4 4 4 4 4 4 4 4 4 4 4 4 4 4 4 4 4 4 4 4 4 4 4 4 4 4 4 4 4 4 4 4 4 4 4 4 4 4 
1 0 0 0 0 

A matrix:
0.83248692586890127 0.16751904484741567 0 0 0 
0 0.79045734446943816 0.20953605656911872 0 0 
0 0 0.84020000936836081 0.15979933753336426 0 
0 0 0 0.96355580287926335 0.036444194902652188 
0 0 0 0 0.99999999997991884 

B matrix:
9.9999999999999996e-081 9.9999999999999996e-081 0.66497382617340928 9.9999999999999996e-081 9.9999999999999996e-081 2.5610451442846438e-008 9.9999999999999996e-081 0.33502614821613913 
9.9999999999999996e-081 9.9999999999999996e-081 0.010438363535594297 9.9999999999999996e-081 9.9999999999999996e-081 0.98956163646439432 2.5808619049654241e-313 1.1472582927600979e-014 
9.9999999999999996e-081 9.9999999999999996e-081 0.79588052060539394 9.9999999999999996e-081 9.9999999999999996e-081 0.2041191331474134 9.9999999999999996e-081 3.4624719266349949e-007 
9.9999999999999996e-081 9.9999999999999996e-081 0.072888400085100793 9.9999999999999996e-081 2.2605172693395202e-300 6.7416084329295109e-008 6.7897835212127007e-015 0.92711153249880807 
9.9999999999999996e-081 9.9999999999999996e-081 0.14345722082927698 9.9999999999999996e-081 0.0095638147200020427 0.066946703040018402 0.45906310656009625 0.32096915485060634 

6.2398779093479881e-068
0 0 0 0 0 0 1 1 1 1 1 2 2 2 2 2 2 3 3 3 3 3 3 3 3 3 3 3 3 3 3 3 3 3 3 3 3 3 3 3 3 3 3 3 3 4 4 4 4 4 4 4 4 4 4 4 4 4 4 4 4 4 4 4 4 4 4 4 4 4 4 4 4 4 4 4 4 4 4 4 4 4 4 4 4 4 4 4 4 4 4 4 4 4 4 4 4 4 4 4 4 4 4 4 4 4 4 4 4 4 4 4 4 4 4 4 4 4 4 4 4 4 4 4 4 4 4 4 4 4 4 4 4 4 4 4 4 4 4 4 4 4 4 4 4 4 4 4 4 4 
1 0 0 0 0 

A matrix:
0.83291136968391799 0.1670906498506225 0 0 0 
0 0.78943851980255697 0.21056048697491364 0 0 
0 0 0.84040452598066939 0.15959430063844263 0 
0 0 0 0.96355580518497652 0.036444194450158944 
0 0 0 0 0.99999999993070443 

B matrix:
9.9999999999999996e-081 9.9999999999999996e-081 0.66582273489202859 9.9999999999999996e-081 9.9999999999999996e-081 4.4791272690056103e-009 1.2907626303679506e-147 0.33417726062884429 
9.9999999999999996e-081 9.9999999999999996e-081 0.0052498778735087697 9.9999999999999996e-081 9.9999999999999996e-081 0.9947501221264915 9.9999999999999996e-081 6.020599525793766e-018 
9.9999999999999996e-081 9.9999999999999996e-081 0.79641053429894626 9.9999999999999996e-081 9.9999999999999996e-081 0.20358941371368702 1.0926158139833556e-156 5.1987366733525329e-008 
9.9999999999999996e-081 9.9999999999999996e-081 0.072888390778097514 9.9999999999999996e-081 9.9999999999999996e-081 1.5420364471598843e-008 3.3277116560273491e-016 0.92711159380153763 
9.9999999999999996e-081 9.9999999999999996e-081 0.14345722122454752 9.9999999999999996e-081 0.0095638147463535956 0.066946703224479279 0.45906310782497256 0.32096915297964707 

6.4077499458639797e-068
0 0 0 0 0 0 1 1 1 1 1 2 2 2 2 2 2 3 3 3 3 3 3 3 3 3 3 3 3 3 3 3 3 3 3 3 3 3 3 3 3 3 3 3 3 4 4 4 4 4 4 4 4 4 4 4 4 4 4 4 4 4 4 4 4 4 4 4 4 4 4 4 4 4 4 4 4 4 4 4 4 4 4 4 4 4 4 4 4 4 4 4 4 4 4 4 4 4 4 4 4 4 4 4 4 4 4 4 4 4 4 4 4 4 4 4 4 4 4 4 4 4 4 4 4 4 4 4 4 4 4 4 4 4 4 4 4 4 4 4 4 4 4 4 4 4 4 4 4 4 
1 0 0 0 0 

A matrix:
0.83312357732120301 0.16687704412924806 0 0 0 
0 0.78892232903767712 0.21107807285269556 0 0 
0 0 0.84050772609818736 0.15949137702053892 0 
0 0 0 0.96355580560663723 0.036444194307888998 
0 0 0 0 0.9999999999781336 

B matrix:
9.9999999999999996e-081 9.9999999999999996e-081 0.66624715385709576 9.9999999999999996e-081 9.9999999999999996e-081 7.8555268523057826e-010 6.6555167288671e-220 0.3337528453573515 
9.9999999999999996e-081 9.9999999999999996e-081 0.0026218131464896786 9.9999999999999996e-081 9.9999999999999996e-081 0.99737818685351021 2.2598292402655359e-148 2.3212189022910257e-021 
9.9999999999999996e-081 9.9999999999999996e-081 0.7966786566969517 9.9999999999999996e-081 9.9999999999999996e-081 0.20332133550148918 4.2573098507874656e-241 7.8015590868205869e-009 
9.9999999999999996e-081 9.9999999999999996e-081 0.072888388941123761 9.9999999999999996e-081 1.4569969965940512e-221 3.5354303431845712e-009 1.6309286914769032e-017 0.9271116075234459 
9.9999999999999996e-081 9.9999999999999996e-081 0.14345722132450356 9.9999999999999996e-081 0.0095638147530173918 0.066946703271125854 0.45906310814483481 0.32096915250651831 

6.4939800004156805e-068
0 0 0 0 0 0 1 1 1 1 1 2 2 2 2 2 2 3 3 3 3 3 3 3 3 3 3 3 3 3 3 3 3 3 3 3 3 3 3 3 3 3 3 3 3 4 4 4 4 4 4 4 4 4 4 4 4 4 4 4 4 4 4 4 4 4 4 4 4 4 4 4 4 4 4 4 4 4 4 4 4 4 4 4 4 4 4 4 4 4 4 4 4 4 4 4 4 4 4 4 4 4 4 4 4 4 4 4 4 4 4 4 4 4 4 4 4 4 4 4 4 4 4 4 4 4 4 4 4 4 4 4 4 4 4 4 4 4 4 4 4 4 4 4 4 4 4 4 4 4 
1 0 0 0 0 

A matrix:
0.83322921068945988 0.16677096948114023 0 0 0 
0 0.78866353688345481 0.21133697982122121 0 0 
0 0 0.84055938683722953 0.15944005128575145 0 
0 0 0 0.96355580569287358 0.036444194284513953 
0 0 0 0 0.99999999999421429 

B matrix:
9.9999999999999996e-081 9.9999999999999996e-081 0.66645842124097676 9.9999999999999996e-081 9.9999999999999996e-081 1.3796103464832643e-010 1.4735839059415797e-297 0.33354157862106232 
9.9999999999999996e-081 9.9999999999999996e-081 0.0013045642980079608 9.9999999999999996e-081 9.9999999999999996e-081 0.99869543570199237 3.6632553636322641e-221 8.0064464417851756e-025 
9.9999999999999996e-081 9.9999999999999996e-081 0.79681331665593202 9.9999999999999996e-081 9.9999999999999996e-081 0.20318668217363056 9.9999999999999996e-081 1.1704374705487058e-009 
9.9999999999999996e-081 9.9999999999999996e-081 0.072888388558493888 9.9999999999999996e-081 9.9999999999999996e-081 8.1153851934541568e-010 7.9932637543898557e-019 0.92711161062996761 
9.9999999999999996e-081 9.9999999999999996e-081 0.14345722134811636 9.9999999999999996e-081 0.0095638147545915979 0.066946703282145317 0.45906310822039675 0.3209691523947501 

6.5375093470522501e-068
0 0 0 0 0 0 1 1 1 1 1 2 2 2 2 2 2 3 3 3 3 3 3 3 3 3 3 3 3 3 3 3 3 3 3 3 3 3 3 3 3 3 3 3 3 4 4 4 4 4 4 4 4 4 4 4 4 4 4 4 4 4 4 4 4 4 4 4 4 4 4 4 4 4 4 4 4 4 4 4 4 4 4 4 4 4 4 4 4 4 4 4 4 4 4 4 4 4 4 4 4 4 4 4 4 4 4 4 4 4 4 4 4 4 4 4 4 4 4 4 4 4 4 4 4 4 4 4 4 4 4 4 4 4 4 4 4 4 4 4 4 4 4 4 4 4 4 4 4 4 
1 0 0 0 0 

A matrix:
0.83328168245508871 0.16671836786175148 0 0 0 
0 0.7885345131398237 0.21146585280091929 0 0 
0 0 0.8405851319366936 0.1594145441351838 0 
0 0 0 0.96355580571262278 0.036444194281936675 
0 0 0 0 0.99999999999836064 

B matrix:
9.9999999999999996e-081 9.9999999999999996e-081 0.66656336488593304 9.9999999999999996e-081 9.9999999999999996e-081 2.4245686032511818e-011 9.9999999999999996e-081 0.33343663508982119 
9.9999999999999996e-081 9.9999999999999996e-081 0.00064791858672952351 9.9999999999999996e-081 9.9999999999999996e-081 0.99935208141327048 4.3512633818437082e-299 2.6621084969719183e-028 
9.9999999999999996e-081 9.9999999999999996e-081 0.79688061138373167 9.9999999999999996e-081 9.9999999999999996e-081 0.20311938844069621 2.6679918921172173e-182 1.7557205721557602e-010 
9.9999999999999996e-081 9.9999999999999996e-081 0.072888388474847327 9.9999999999999996e-081 2.3535845440826201e-246 1.8639697280459996e-010 3.9175386215779105e-020 0.92711161133875575 
9.9999999999999996e-081 9.9999999999999996e-081 0.14345722135357486 9.9999999999999996e-081 0.0095638147549555064 0.066946703284692669 0.45906310823786428 0.32096915236891266 

6.5592868134059435e-068
0 0 0 0 0 0 1 1 1 1 1 2 2 2 2 2 2 3 3 3 3 3 3 3 3 3 3 3 3 3 3 3 3 3 3 3 3 3 3 3 3 3 3 3 3 4 4 4 4 4 4 4 4 4 4 4 4 4 4 4 4 4 4 4 4 4 4 4 4 4 4 4 4 4 4 4 4 4 4 4 4 4 4 4 4 4 4 4 4 4 4 4 4 4 4 4 4 4 4 4 4 4 4 4 4 4 4 4 4 4 4 4 4 4 4 4 4 4 4 4 4 4 4 4 4 4 4 4 4 4 4 4 4 4 4 4 4 4 4 4 4 4 4 4 4 4 4 4 4 4 
1 0 0 0 0 

A matrix:
0.83330772019581145 0.16669229352436957 0 0 0 
0 0.78847037207332538 0.21152984832781033 0 0 
0 0 0.84059793237714941 0.15940188842880734 0 
0 0 0 0.96355580571757493 0.036444194281252743 
0 0 0 0 0.99999999999951195 

B matrix:
9.9999999999999996e-081 9.9999999999999996e-081 0.66661544038736065 9.9999999999999996e-081 9.9999999999999996e-081 4.2624509307633781e-012 4.7056646339574679e-169 0.33338455960837698 
9.9999999999999996e-081 9.9999999999999996e-081 0.00032149016050583959 9.9999999999999996e-081 9.9999999999999996e-081 0.99967850983949413 9.9999999999999996e-081 8.7410384957723643e-032 
9.9999999999999996e-081 9.9999999999999996e-081 0.79691413501987018 9.9999999999999996e-081 9.9999999999999996e-081 0.20308586495379508 1.7376356720271278e-292 2.6334932323293876e-011 
9.9999999999999996e-081 9.9999999999999996e-081 0.072888388455774417 9.9999999999999996e-081 9.9999999999999996e-081 4.2825342736028096e-011 1.9200052803193792e-021 0.92711161150140009 
9.9999999999999996e-081 9.9999999999999996e-081 0.14345722135486697 9.9999999999999996e-081 0.0095638147550416511 0.066946703285295672 0.4590631082419992 0.32096915236279638 

6.5701323713344941e-068
0 0 0 0 0 0 1 1 1 1 1 2 2 2 2 2 2 3 3 3 3 3 3 3 3 3 3 3 3 3 3 3 3 3 3 3 3 3 3 3 3 3 3 3 3 4 4 4 4 4 4 4 4 4 4 4 4 4 4 4 4 4 4 4 4 4 4 4 4 4 4 4 4 4 4 4 4 4 4 4 4 4 4 4 4 4 4 4 4 4 4 4 4 4 4 4 4 4 4 4 4 4 4 4 4 4 4 4 4 4 4 4 4 4 4 4 4 4 4 4 4 4 4 4 4 4 4 4 4 4 4 4 4 4 4 4 4 4 4 4 4 4 4 4 4 4 4 4 4 4 
1 0 0 0 0 

A matrix:
0.83332063418623048 0.16667936949626055 0 0 0 
0 0.78843853251798901 0.21156159142173273 0 0 
0 0 0.84060428951307931 0.15939561358952964 0 
0 0 0 0.96355580571888477 0.036444194280859231 
0 0 0 0 0.99999999999986233 

B matrix:
9.9999999999999996e-081 9.9999999999999996e-081 0.66664126837171145 9.9999999999999996e-081 9.9999999999999996e-081 7.4947457599379485e-013 1.0776856245388625e-262 0.33335873162753904 
9.9999999999999996e-081 9.9999999999999996e-081 0.00015944484797491746 9.9999999999999996e-081 9.9999999999999996e-081 0.99984055515202497 6.5610726640338138e-169 2.8566043673725606e-035 
9.9999999999999996e-081 9.9999999999999996e-081 0.79693080347764889 9.9999999999999996e-081 9.9999999999999996e-081 0.20306919651840108 9.9999999999999996e-081 3.9499680238029938e-012 
9.9999999999999996e-081 9.9999999999999996e-081 0.072888388451282413 9.9999999999999996e-081 3.832932456066101e-271 9.8407714162996694e-012 9.4100419137256817e-023 0.92711161153887678 
9.9999999999999996e-081 9.9999999999999996e-081 0.14345722135518377 9.9999999999999996e-081 0.0095638147550627696 0.066946703285443512 0.45906310824301294 0.32096915236129703 

6.5755212487736353e-068
0 0 0 0 0 0 1 1 1 1 1 2 2 2 2 2 2 3 3 3 3 3 3 3 3 3 3 3 3 3 3 3 3 3 3 3 3 3 3 3 3 3 3 3 3 4 4 4 4 4 4 4 4 4 4 4 4 4 4 4 4 4 4 4 4 4 4 4 4 4 4 4 4 4 4 4 4 4 4 4 4 4 4 4 4 4 4 4 4 4 4 4 4 4 4 4 4 4 4 4 4 4 4 4 4 4 4 4 4 4 4 4 4 4 4 4 4 4 4 4 4 4 4 4 4 4 4 4 4 4 4 4 4 4 4 4 4 4 4 4 4 4 4 4 4 4 4 4 4 4 
1 0 0 0 0 

A matrix:
0.83332703754988369 0.16667296342775501 0 0 0 
0 0.78842273899897219 0.21157732836161922 0 0 
0 0 0.84060744495365303 0.15939250336593891 0 
0 0 0 0.96355580571923749 0.036444194280695716 
0 0 0 0 0.99999999999996503 

B matrix:
9.9999999999999996e-081 9.9999999999999996e-081 0.6666540750996357 9.9999999999999996e-081 9.9999999999999996e-081 1.31792374337975e-013 9.9999999999999996e-081 0.33334592490023252 
9.9999999999999996e-081 9.9999999999999996e-081 7.9058954209351698e-005 9.9999999999999996e-081 9.9999999999999996e-081 0.99992094104579077 3.223079500791751e-262 9.3170765945744307e-039 
9.9999999999999996e-081 9.9999999999999996e-081 0.79693908213062947 9.9999999999999996e-081 9.9999999999999996e-081 0.20306091786877803 3.8364985423417438e-208 5.9244374912161183e-013 
9.9999999999999996e-081 9.9999999999999996e-081 0.072888388450203456 9.9999999999999996e-081 9.9999999999999996e-081 2.261468782407201e-012 4.6119086049545004e-024 0.92711161154753507 
9.9999999999999996e-081 9.9999999999999996e-081 0.14345722135526212 9.9999999999999996e-081 0.0095638147550679946 0.06694670328548008 0.45906310824326374 0.32096915236092605 

6.5781957567110118e-068
0 0 0 0 0 0 1 1 1 1 1 2 2 2 2 2 2 3 3 3 3 3 3 3 3 3 3 3 3 3 3 3 3 3 3 3 3 3 3 3 3 3 3 3 3 4 4 4 4 4 4 4 4 4 4 4 4 4 4 4 4 4 4 4 4 4 4 4 4 4 4 4 4 4 4 4 4 4 4 4 4 4 4 4 4 4 4 4 4 4 4 4 4 4 4 4 4 4 4 4 4 4 4 4 4 4 4 4 4 4 4 4 4 4 4 4 4 4 4 4 4 4 4 4 4 4 4 4 4 4 4 4 4 4 4 4 4 4 4 4 4 4 4 4 4 4 4 4 4 4 
1 0 0 0 0 

A matrix:
0.83333021223996251 0.16666978801753707 0 0 0 
0 0.788414907727919 0.21158512820530304 0 0 
0 0 0.84060901077859385 0.15939096190621424 0 
0 0 0 0.96355580571933175 0.03644419428064747 
0 0 0 0 0.99999999999999201 

B matrix:
9.9999999999999996e-081 9.9999999999999996e-081 0.66666042447990193 9.9999999999999996e-081 9.9999999999999996e-081 2.3176154247130571e-014 5.9467123138304629e-185 0.33333957552007487 
9.9999999999999996e-081 9.9999999999999996e-081 3.9195895950524478e-005 9.9999999999999996e-081 9.9999999999999996e-081 0.99996080410404942 9.9999999999999996e-081 3.0361185620905874e-042 
9.9999999999999996e-081 9.9999999999999996e-081 0.79694319126754554 9.9999999999999996e-081 9.9999999999999996e-081 0.20305680873236537 9.9999999999999996e-081 8.8858032890076266e-014 
9.9999999999999996e-081 9.9999999999999996e-081 0.072888388449942165 9.9999999999999996e-081 6.2549892603822032e-296 5.1971901516588817e-013 2.2603194726258012e-025 0.92711161154953803 
9.9999999999999996e-081 9.9999999999999996e-081 0.14345722135528108 9.9999999999999996e-081 0.0095638147550692592 0.066946703285488934 0.45906310824332441 0.32096915236083634 

6.5795223529024108e-068
0 0 0 0 0 0 1 1 1 1 1 2 2 2 2 2 2 3 3 3 3 3 3 3 3 3 3 3 3 3 3 3 3 3 3 3 3 3 3 3 3 3 3 3 3 4 4 4 4 4 4 4 4 4 4 4 4 4 4 4 4 4 4 4 4 4 4 4 4 4 4 4 4 4 4 4 4 4 4 4 4 4 4 4 4 4 4 4 4 4 4 4 4 4 4 4 4 4 4 4 4 4 4 4 4 4 4 4 4 4 4 4 4 4 4 4 4 4 4 4 4 4 4 4 4 4 4 4 4 4 4 4 4 4 4 4 4 4 4 4 4 4 4 4 4 4 4 4 4 4 
1 0 0 0 0 

A matrix:
0.83333178610424097 0.16666821396317685 0 0 0 
0 0.78841102526432505 0.21158899369249834 0 0 
0 0 0.84060978768531336 0.15939019797007423 0 
0 0 0 0.96355580571935728 0.036444194280636645 
0 0 0 0 0.99999999999999822 

B matrix:
9.9999999999999996e-081 9.9999999999999996e-081 0.66666357220847783 9.9999999999999996e-081 9.9999999999999996e-081 4.0756906265992211e-015 1.8819428603250899e-294 0.33333642779151812 
9.9999999999999996e-081 9.9999999999999996e-081 1.9431425520956352e-005 9.9999999999999996e-081 9.9999999999999996e-081 0.99998056857447903 2.7840499206350933e-184 9.8893947649235056e-046 
9.9999999999999996e-081 9.9999999999999996e-081 0.79694523012754592 9.9999999999999996e-081 9.9999999999999996e-081 0.20305476987244078 2.2753425648520066e-225 1.3327363982421025e-014 
9.9999999999999996e-081 9.9999999999999996e-081 0.072888388449878785 9.9999999999999996e-081 9.9999999999999996e-081 1.1944139779856199e-013 1.1077938779122812e-026 0.92711161155000177 
9.9999999999999996e-081 9.9999999999999996e-081 0.14345722135528549 9.9999999999999996e-081 0.0095638147550695524 0.066946703285490988 0.45906310824333851 0.32096915236081541 

6.5801801746109671e-068
0 0 0 0 0 0 1 1 1 1 1 2 2 2 2 2 2 3 3 3 3 3 3 3 3 3 3 3 3 3 3 3 3 3 3 3 3 3 3 3 3 3 3 3 3 4 4 4 4 4 4 4 4 4 4 4 4 4 4 4 4 4 4 4 4 4 4 4 4 4 4 4 4 4 4 4 4 4 4 4 4 4 4 4 4 4 4 4 4 4 4 4 4 4 4 4 4 4 4 4 4 4 4 4 4 4 4 4 4 4 4 4 4 4 4 4 4 4 4 4 4 4 4 4 4 4 4 4 4 4 4 4 4 4 4 4 4 4 4 4 4 4 4 4 4 4 4 4 4 4 
1 0 0 0 0 

A matrix:
0.83333256632880681 0.16666743368876183 0 0 0 
0 0.78840910064725245 0.21159090928237143 0 0 
0 0 0.84061017313192177 0.15938981937138078 0 
0 0 0 0.96355580571936372 0.036444194280634619 
0 0 0 0 0.99999999999999956 

B matrix:
9.9999999999999996e-081 9.9999999999999996e-081 0.66666513265761285 9.9999999999999996e-081 9.9999999999999996e-081 7.1674614910801265e-016 9.9999999999999996e-081 0.33333486734238632 
9.9999999999999996e-081 9.9999999999999996e-081 9.6328773483464239e-006 9.9999999999999996e-081 9.9999999999999996e-081 0.99999036712265166 5.8691487631908515e-293 3.2205285496573065e-049 
9.9999999999999996e-081 9.9999999999999996e-081 0.79694624156068739 9.9999999999999996e-081 9.9999999999999996e-081 0.20305375843931073 9.9999999999999996e-081 1.9988987974435184e-015 
9.9999999999999996e-081 9.9999999999999996e-081 0.072888388449863395 9.9999999999999996e-081 9.9999999999999996e-081 2.7450184448983763e-014 5.4293531989011114e-028 0.92711161155010935 
9.9999999999999996e-081 9.9999999999999996e-081 0.14345722135528649 9.9999999999999996e-081 0.00956381475506962 0.06694670328549146 0.45906310824334173 0.32096915236081064 

6.5805063227805116e-068
0 0 0 0 0 0 1 1 1 1 1 2 2 2 2 2 2 3 3 3 3 3 3 3 3 3 3 3 3 3 3 3 3 3 3 3 3 3 3 3 3 3 3 3 3 4 4 4 4 4 4 4 4 4 4 4 4 4 4 4 4 4 4 4 4 4 4 4 4 4 4 4 4 4 4 4 4 4 4 4 4 4 4 4 4 4 4 4 4 4 4 4 4 4 4 4 4 4 4 4 4 4 4 4 4 4 4 4 4 4 4 4 4 4 4 4 4 4 4 4 4 4 4 4 4 4 4 4 4 4 4 4 4 4 4 4 4 4 4 4 4 4 4 4 4 4 4 4 4 4 
1 0 0 0 0 

A matrix:
0.83333295310983546 0.16666704689472581 0 0 0 
0 0.78840814661530811 0.21159185856019069 0 0 
0 0 0.84061036435591652 0.15938963174108328 0 
0 0 0 0.96355580571936539 0.03644419428063421 
0 0 0 0 1 

B matrix:
9.9999999999999996e-081 9.9999999999999996e-081 0.66666590621967048 9.9999999999999996e-081 9.9999999999999996e-081 1.2604675196849776e-016 9.7450871589949522e-201 0.33333409378032941 
9.9999999999999996e-081 9.9999999999999996e-081 4.7753044899399232e-006 9.9999999999999996e-081 9.9999999999999996e-081 0.99999522469551017 9.9999999999999996e-081 1.0486661784379465e-052 
9.9999999999999996e-081 9.9999999999999996e-081 0.79694674325272552 9.9999999999999996e-081 9.9999999999999996e-081 0.20305325674727423 1.369599091471858e-242 2.9980359814620853e-016 
9.9999999999999996e-081 9.9999999999999996e-081 0.07288838844985962 9.9999999999999996e-081 9.9999999999999996e-081 6.3086685461742371e-015 2.6609531561843276e-029 0.92711161155013411 
9.9999999999999996e-081 9.9999999999999996e-081 0.14345722135528674 9.9999999999999996e-081 0.0095638147550696356 0.066946703285491571 0.45906310824334251 0.32096915236080953 

6.5806680154400495e-068
0 0 0 0 0 0 1 1 1 1 1 2 2 2 2 2 2 3 3 3 3 3 3 3 3 3 3 3 3 3 3 3 3 3 3 3 3 3 3 3 3 3 3 3 3 4 4 4 4 4 4 4 4 4 4 4 4 4 4 4 4 4 4 4 4 4 4 4 4 4 4 4 4 4 4 4 4 4 4 4 4 4 4 4 4 4 4 4 4 4 4 4 4 4 4 4 4 4 4 4 4 4 4 4 4 4 4 4 4 4 4 4 4 4 4 4 4 4 4 4 4 4 4 4 4 4 4 4 4 4 4 4 4 4 4 4 4 4 4 4 4 4 4 4 4 4 4 4 4 4 
1 0 0 0 0 

A matrix:
0.83333314484744525 0.1666668551537353 0 0 0 
0 0.78840767371138287 0.21159232897636249 0 0 
0 0 0.84061045922179911 0.15938953875243161 0 
0 0 0 0.96355580571936572 0.036444194280634098 
0 0 0 0 0.99999999999999989 

B matrix:
9.9999999999999996e-081 9.9999999999999996e-081 0.6666662896948905 9.9999999999999996e-081 9.9999999999999996e-081 2.2166595852876701e-017 9.9999999999999996e-081 0.33333371030510955 
9.9999999999999996e-081 9.9999999999999996e-081 2.3672436061022635e-006 9.9999999999999996e-081 9.9999999999999996e-081 0.99999763275639397 1.2256115223341003e-199 3.4144692992347984e-056 
9.9999999999999996e-081 9.9999999999999996e-081 0.79694699208578423 9.9999999999999996e-081 9.9999999999999996e-081 0.20305300791421577 9.9999999999999996e-081 4.4965830110355822e-017 
9.9999999999999996e-081 9.9999999999999996e-081 0.072888388449858704 9.9999999999999996e-081 9.9999999999999996e-081 1.4498770565437082e-015 1.3041464498634769e-030 0.92711161155013966 
9.9999999999999996e-081 9.9999999999999996e-081 0.14345722135528677 9.9999999999999996e-081 0.0095638147550696374 0.066946703285491585 0.45906310824334262 0.32096915236080931 

6.5807481740032431e-068
0 0 0 0 0 0 1 1 1 1 1 2 2 2 2 2 2 3 3 3 3 3 3 3 3 3 3 3 3 3 3 3 3 3 3 3 3 3 3 3 3 3 3 3 3 4 4 4 4 4 4 4 4 4 4 4 4 4 4 4 4 4 4 4 4 4 4 4 4 4 4 4 4 4 4 4 4 4 4 4 4 4 4 4 4 4 4 4 4 4 4 4 4 4 4 4 4 4 4 4 4 4 4 4 4 4 4 4 4 4 4 4 4 4 4 4 4 4 4 4 4 4 4 4 4 4 4 4 4 4 4 4 4 4 4 4 4 4 4 4 4 4 4 4 4 4 4 4 4 4 
1 0 0 0 0 

A matrix:
0.83333323989648977 0.16666676010381481 0 0 0 
0 0.78840743929977053 0.21159256209209373 0 0 
0 0 0.84061050628386536 0.15938949266737307 0 
0 0 0 0.96355580571936583 0.036444194280634078 
0 0 0 0 1 

B matrix:
9.9999999999999996e-081 9.9999999999999996e-081 0.66666647979297977 9.9999999999999996e-081 9.9999999999999996e-081 3.8982246866628575e-018 3.3456406208099223e-211 0.33333352020702012 
9.9999999999999996e-081 9.9999999999999996e-081 1.1735004571064646e-006 9.9999999999999996e-081 9.9999999999999996e-081 0.99999882649954297 9.8813129168249309e-324 1.1117234881531516e-059 
9.9999999999999996e-081 9.9999999999999996e-081 0.79694711549886732 9.9999999999999996e-081 9.9999999999999996e-081 0.20305288450113271 8.4084747408216006e-260 6.7441661124522148e-018 
9.9999999999999996e-081 9.9999999999999996e-081 0.072888388449858482 9.9999999999999996e-081 9.9999999999999996e-081 3.332154690072928e-016 6.3916869740391951e-032 0.9271116115501411 
9.9999999999999996e-081 9.9999999999999996e-081 0.1434572213552868 9.9999999999999996e-081 0.0095638147550696391 0.066946703285491599 0.45906310824334268 0.32096915236080925 

6.5807879116028219e-068
0 0 0 0 0 0 1 1 1 1 1 2 2 2 2 2 2 3 3 3 3 3 3 3 3 3 3 3 3 3 3 3 3 3 3 3 3 3 3 3 3 3 3 3 3 4 4 4 4 4 4 4 4 4 4 4 4 4 4 4 4 4 4 4 4 4 4 4 4 4 4 4 4 4 4 4 4 4 4 4 4 4 4 4 4 4 4 4 4 4 4 4 4 4 4 4 4 4 4 4 4 4 4 4 4 4 4 4 4 4 4 4 4 4 4 4 4 4 4 4 4 4 4 4 4 4 4 4 4 4 4 4 4 4 4 4 4 4 4 4 4 4 4 4 4 4 4 4 4 4 
1 0 0 0 0 

A matrix:
0.83333328701454479 0.1666667129855337 0 0 0 
0 0.78840732310573636 0.21159267761341116 0 0 
0 0 0.84061052963067762 0.1593894698275248 0 
0 0 0 0.96355580571936594 0.036444194280634057 
0 0 0 0 1 

B matrix:
9.9999999999999996e-081 9.9999999999999996e-081 0.66666657402908969 9.9999999999999996e-081 9.9999999999999996e-081 6.8554345447607041e-019 9.9999999999999996e-081 0.33333342597091031 
9.9999999999999996e-081 9.9999999999999996e-081 5.8173178062951188e-007 9.9999999999999996e-081 9.9999999999999996e-081 0.99999941826821936 9.9999999999999996e-081 3.6196284368765063e-063 
9.9999999999999996e-081 9.9999999999999996e-081 0.79694717670613724 9.9999999999999996e-081 9.9999999999999996e-081 0.20305282329386276 9.9999999999999996e-081 1.0115185131756852e-018 
9.9999999999999996e-081 9.9999999999999996e-081 0.072888388449858427 9.9999999999999996e-081 9.9999999999999996e-081 7.658070957438198e-017 3.1325977522215476e-033 0.92711161155014166 
9.9999999999999996e-081 9.9999999999999996e-081 0.14345722135528682 9.9999999999999996e-081 0.0095638147550696408 0.066946703285491599 0.45906310824334273 0.32096915236080931 

6.5808076108361179e-068
0 0 0 0 0 0 1 1 1 1 1 2 2 2 2 2 2 3 3 3 3 3 3 3 3 3 3 3 3 3 3 3 3 3 3 3 3 3 3 3 3 3 3 3 3 4 4 4 4 4 4 4 4 4 4 4 4 4 4 4 4 4 4 4 4 4 4 4 4 4 4 4 4 4 4 4 4 4 4 4 4 4 4 4 4 4 4 4 4 4 4 4 4 4 4 4 4 4 4 4 4 4 4 4 4 4 4 4 4 4 4 4 4 4 4 4 4 4 4 4 4 4 4 4 4 4 4 4 4 4 4 4 4 4 4 4 4 4 4 4 4 4 4 4 4 4 4 4 4 4 
1 0 0 0 0 

A matrix:
0.83333331037205394 0.16666668962796624 0 0 0 
0 0.78840726551029328 0.21159273486057589 0 0 
0 0 0.84061054121262446 0.15938945850798628 0 
0 0 0 0.96355580571936572 0.036444194280634057 
0 0 0 0 1 

B matrix:
9.9999999999999996e-081 9.9999999999999996e-081 0.66666662074410798 9.9999999999999996e-081 9.9999999999999996e-081 1.2055999922986247e-019 1.2760182129288467e-221 0.33333337925589207 
9.9999999999999996e-081 9.9999999999999996e-081 2.8837786834277082e-007 9.9999999999999996e-081 9.9999999999999996e-081 0.99999971162213153 5.6644137275736694e-215 1.1784955101293259e-066 
9.9999999999999996e-081 9.9999999999999996e-081 0.79694720706162547 9.9999999999999996e-081 9.9999999999999996e-081 0.20305279293837447 5.286726213274308e-277 1.5171180642085128e-019 
9.9999999999999996e-081 9.9999999999999996e-081 0.072888388449858413 9.9999999999999996e-081 9.9999999999999996e-081 1.7600043621493203e-017 1.5353018251802772e-034 0.92711161155014143 
9.9999999999999996e-081 9.9999999999999996e-081 0.14345722135528682 9.9999999999999996e-081 0.0095638147550696408 0.066946703285491599 0.45906310824334273 0.32096915236080925 

6.5808173763467072e-068
0 0 0 0 0 0 1 1 1 1 1 2 2 2 2 2 2 3 3 3 3 3 3 3 3 3 3 3 3 3 3 3 3 3 3 3 3 3 3 3 3 3 3 3 3 4 4 4 4 4 4 4 4 4 4 4 4 4 4 4 4 4 4 4 4 4 4 4 4 4 4 4 4 4 4 4 4 4 4 4 4 4 4 4 4 4 4 4 4 4 4 4 4 4 4 4 4 4 4 4 4 4 4 4 4 4 4 4 4 4 4 4 4 4 4 4 4 4 4 4 4 4 4 4 4 4 4 4 4 4 4 4 4 4 4 4 4 4 4 4 4 4 4 4 4 4 4 4 4 4 
1 0 0 0 0 

A matrix:
0.83333332195090548 0.1666666780490996 0 0 0 
0 0.78840723696118942 0.21159276322976475 0 0 
0 0 0.84061054695820947 0.15938945289794246 0 
0 0 0 0.96355580571936594 0.036444194280634057 
0 0 0 0 1 

B matrix:
9.9999999999999996e-081 9.9999999999999996e-081 0.66666664390181107 9.9999999999999996e-081 9.9999999999999996e-081 2.1201742085446478e-020 9.9999999999999996e-081 0.33333335609818882 
9.9999999999999996e-081 9.9999999999999996e-081 1.4295550021050919e-007 9.9999999999999996e-081 9.9999999999999996e-081 0.99999985704449956 9.9999999999999996e-081 3.8369857942876265e-070 
9.9999999999999996e-081 9.9999999999999996e-081 0.79694722211611702 9.9999999999999996e-081 9.9999999999999996e-081 0.20305277788388293 9.9999999999999996e-081 2.275437474747206e-020 
9.9999999999999996e-081 9.9999999999999996e-081 0.072888388449858413 9.9999999999999996e-081 9.9999999999999996e-081 4.044903504262585e-018 7.5245910290596964e-036 0.92711161155014166 
9.9999999999999996e-081 9.9999999999999996e-081 0.14345722135528682 9.9999999999999996e-081 0.0095638147550696408 0.066946703285491599 0.45906310824334273 0.32096915236080925 

6.5808222173964078e-068
0 0 0 0 0 0 1 1 1 1 1 2 2 2 2 2 2 3 3 3 3 3 3 3 3 3 3 3 3 3 3 3 3 3 3 3 3 3 3 3 3 3 3 3 3 4 4 4 4 4 4 4 4 4 4 4 4 4 4 4 4 4 4 4 4 4 4 4 4 4 4 4 4 4 4 4 4 4 4 4 4 4 4 4 4 4 4 4 4 4 4 4 4 4 4 4 4 4 4 4 4 4 4 4 4 4 4 4 4 4 4 4 4 4 4 4 4 4 4 4 4 4 4 4 4 4 4 4 4 4 4 4 4 4 4 4 4 4 4 4 4 4 4 4 4 4 4 4 4 4 
1 0 0 0 0 

A matrix:
0.8333333276908057 0.16666667230919552 0 0 0 
0 0.78840722280986575 0.21159277728831816 0 0 
0 0 0.84061054980848404 0.15938945011755434 0 
0 0 0 0.96355580571936594 0.036444194280634057 
0 0 0 0 1 

B matrix:
9.9999999999999996e-081 9.9999999999999996e-081 0.66666665538161152 9.9999999999999996e-081 9.9999999999999996e-081 3.7285492894255221e-021 5.3838499111149268e-232 0.33333334461838837 
